121.09706211090088
43.633259773254395
24.04582166671753
16.366771697998047
11.825258255004883
10.6139497756958
9.861751079559326
9.334697246551514
9.932163953781128
8.881763458251953
8.611412525177002
7.757911682128906
9.492594242095947
8.73250412940979
9.03286361694336
8.841232061386108
8.399431705474854
7.834893703460693
7.751416444778442
6.705631732940674
6.7099902629852295
6.6028525829315186
6.704018712043762
7.490571975708008
7.37854790687561
6.889836668968201
7.314759016036987
7.481019020080566
7.951690196990967
6.962211966514587
7.4448606967926025
6.827590465545654
6.0456660985946655
6.989178538322449
6.87185800075531
5.76826810836792
6.775194406509399
6.723818063735962
7.435781717300415
7.437512636184692
7.788017749786377
5.956741809844971
7.0606465339660645
5.709753394126892
7.4337382316589355
8.197361946105957
7.691288709640503
7.542396783828735
6.5326988697052
7.021786689758301
6.88660991191864
6.570225834846497
6.85849130153656
7.841446042060852
7.1972815990448
8.283761262893677
6.875832557678223
5.739394664764404
5.515222668647766
5.663116931915283
6.2015745639801025
7.150991916656494
7.321047067642212
8.75034749507904
7.744572639465332
6.491954803466797
5.615028619766235
6.377194166183472
6.324204683303833
5.415299773216248
5.3872597217559814
5.797464370727539
7.275203108787537
7.215188145637512
8.60509979724884
6.25176727771759
5.800938844680786
7.224608302116394
5.9974751472473145
5.3188745975494385
5.248701214790344
6.185243487358093
6.957753896713257
6.390545845031738
5.830121874809265
5.19176173210144
5.748953580856323
7.875403881072998
6.806787967681885
5.582764506340027
5.4407840967178345
7.893701791763306
5.158959269523621
5.57597553730011
7.910110950469971
6.095555543899536
5.706115961074829
5.935500502586365
5.381068825721741
6.0196839570999146
6.3499239683151245
6.084009408950806
5.2868746519088745
7.265326380729675
5.743384122848511
5.81844437122345
5.4173572063446045
5.1856077909469604
5.340885877609253
5.9793267250061035
4.846886396408081
4.926878452301025
5.222270965576172
4.840620994567871
5.569066762924194
4.790746331214905
5.663848161697388
4.784579157829285
7.3869829177856445
5.093156695365906
6.667906761169434
5.157353401184082
5.574059724807739
4.860099792480469
5.233342289924622
5.584596753120422
5.200363516807556
5.15825343132019
5.646347761154175
7.497359752655029
5.160575985908508
7.577703237533569
6.638560891151428
4.811858415603638
5.053049445152283
5.000049471855164
4.8130844831466675
7.384038925170898
5.379233956336975
4.979620337486267
5.057299375534058
4.755069613456726
4.540002346038818
4.63779878616333
4.934386730194092
4.598700523376465
7.28148877620697
4.711068391799927
5.736340641975403
4.9376819133758545
6.465709686279297
4.663586616516113
5.448791265487671
4.793509244918823
6.877991795539856
5.130935549736023
5.324797868728638
5.449650168418884
5.113489508628845
4.628127932548523
6.397914886474609
6.87462592124939
5.0033382177352905
5.442550182342529
4.991505861282349
5.8394482135772705
4.911803364753723
4.909612417221069
5.635319471359253
4.849909543991089
5.22511351108551
5.15832781791687
4.777264714241028
5.187715172767639
4.804555535316467
5.373991966247559
5.252007842063904
4.522364377975464
4.783175230026245
5.10062837600708
5.722089529037476
6.839105844497681
4.863213062286377
5.749140977859497
4.831182837486267
4.803017616271973
4.601650953292847
4.8734999895095825
4.736225724220276
4.907426953315735
4.489940285682678
4.301621079444885
4.422705292701721
4.2674031257629395
4.2201502323150635
4.352600336074829
4.246729612350464
4.650929689407349
4.461482524871826
4.225277304649353
4.546662926673889
4.259662747383118
4.61270797252655
4.539705157279968
4.299741864204407
4.455456376075745
4.59323513507843
4.2070605754852295
4.614513874053955
4.293233156204224
4.708856701850891
4.1778963804244995
4.447671175003052
4.29032564163208
4.273270487785339
4.383901596069336
4.6250845193862915
4.221855998039246
4.246978402137756
4.330602049827576
4.16713011264801
4.155597925186157
4.124136447906494
4.235749959945679
4.205474853515625
4.054200291633606
4.191689968109131
4.1392982006073
4.132030725479126
4.121344208717346
4.120801687240601
4.0747692584991455
4.143811225891113
4.041806936264038
4.047396898269653
4.079793572425842
4.033759117126465
4.086715936660767
4.172765612602234
4.044981122016907
4.08418083190918
4.059998989105225
4.079933524131775
4.049624919891357
4.405436992645264
4.350174188613892
4.054032921791077
4.062477231025696
3.9995616674423218
4.025538444519043
4.018293499946594
4.038058161735535
4.092133522033691
3.9878135919570923
4.002135992050171
3.985966682434082
4.002213358879089
4.1597864627838135
4.005978107452393
4.074659466743469
4.017800450325012
3.9905704259872437
3.97405743598938
4.03740382194519
3.8891217708587646
4.009824275970459
4.018222332000732
4.110274910926819
4.498715281486511
4.034976482391357
4.073241591453552
4.1043020486831665
4.050965189933777
3.9758208990097046
3.907511591911316
3.9304676055908203
3.9696033000946045
4.015723943710327
3.976589560508728
4.113300323486328
3.890869975090027
3.93803071975708
3.947349429130554
4.0763633251190186
3.94928240776062
3.915678024291992
3.940525770187378
3.9742989540100098
3.9511739015579224
3.877215623855591
3.905054211616516
4.152149319648743
3.8374115228652954
3.8730711936950684
3.915537118911743
3.93496572971344
3.936637282371521
3.8120837211608887
3.854223608970642
3.8667707443237305
3.938367247581482
3.9142065048217773
3.8878557682037354
3.9061704874038696
3.9193187952041626
3.956137776374817
3.9297902584075928
4.010181903839111
3.885013222694397
3.9338024854660034
3.866670250892639
3.8875510692596436
3.8827542066574097
3.805330276489258
3.8582868576049805
3.886154055595398
3.970007061958313
4.05563497543335
3.8670166730880737
3.8236292600631714
3.8109121322631836
3.8396949768066406
3.8689905405044556
3.8545355796813965
3.8046653270721436
3.7950568199157715
3.8799582719802856
3.8096134662628174
3.9626933336257935
3.8333699703216553
3.84092378616333
3.805287718772888
3.744528889656067
3.8074944019317627
3.8567103147506714
3.756378173828125
3.841627836227417
3.8299182653427124
3.8288400173187256
3.8864022493362427
3.882393717765808
4.013951659202576
3.844369053840637
3.761317491531372
3.954741358757019
3.9135169982910156
3.8779265880584717
3.789907217025757
3.7257564067840576
3.823310375213623
3.8248664140701294
3.732440948486328
3.7239348888397217
3.687860608100891
4.425304651260376
3.9299609661102295
3.7909656763076782
3.6971335411071777
3.8750370740890503
3.7182596921920776
3.7295440435409546
3.756106734275818
3.762083411216736
3.737383484840393
3.7711111307144165
3.853274345397949
3.8106213808059692
3.7401442527770996
3.8720370531082153
3.7212408781051636
3.7468260526657104
3.886170506477356
4.0214515924453735
3.8432044982910156
3.822243571281433
3.687661290168762
3.6884294748306274
3.657668352127075
3.8331515789031982
3.7638564109802246
3.740870475769043
3.756123185157776
3.6827664375305176
3.7633150815963745
3.9329458475112915
3.8452913761138916
3.726744294166565
3.6314278841018677
3.721064805984497
3.7188568115234375
3.7924346923828125
3.634062647819519
3.713155746459961
3.651001453399658
3.7960106134414673
3.6652848720550537
3.732795000076294
3.67846941947937
3.891851544380188
3.6072561740875244
3.6826606392860413
3.6650373935699463
3.711608648300171
3.7691932916641235
3.878548741340637
3.979111433029175
3.650803804397583
3.6343334913253784
3.6971248388290405
3.7539952993392944
3.811045527458191
3.8008538484573364
3.903809070587158
3.7291290760040283
3.757253050804138
3.6963260173797607
3.7173861265182495
3.7687309980392456
3.7071510553359985
3.6192115545272827
3.6288387775421143
3.7188438177108765
3.6506903171539307
3.7555031776428223
3.730716586112976
3.6007606983184814
3.671058177947998
3.611989736557007
3.648454189300537
3.8154979944229126
3.664629101753235
3.6390597820281982
3.5962941646575928
3.61482834815979
3.9271003007888794
3.7724169492721558
3.7972450256347656
3.735200524330139
3.7580807209014893
3.7871761322021484
3.6535139083862305
3.5609889030456543
3.669597864151001
3.5858864784240723
3.653884172439575
3.8935201168060303
3.7386451959609985
3.711736500263214
3.764867901802063
3.697020471096039
3.566027045249939
3.5909396409988403
3.6023693084716797
3.7662922143936157
3.7165204286575317
3.608755350112915
3.5550925731658936
3.7110676169395447
3.550132989883423
3.6574368476867676
3.646157145500183
3.962298631668091
3.6596959829330444
3.657472610473633
3.7666234970092773
3.5648794174194336
3.6530611515045166
3.6888095140457153
3.6142078638076782
3.7475916147232056
3.532678186893463
3.5016205310821533
3.5350196957588196
3.6667646169662476
3.6194931864738464
3.6155163049697876
3.618890643119812
3.6549993753433228
3.6023398637771606
3.7481698989868164
3.5835959911346436
3.552735209465027
3.551547884941101
3.6132506132125854
3.554746091365814
3.6713513135910034
3.5533246994018555
3.599931538105011
3.5500874519348145
3.446154236793518
3.497040033340454
3.6403387784957886
3.627683997154236
3.522224187850952
3.613589346408844
3.5064265727996826
3.6697314977645874
3.5074325799942017
3.597410261631012
3.576120674610138
3.488272190093994
3.6099904775619507
3.672998547554016
3.68323290348053
3.6603973507881165
3.539282441139221
3.5209832787513733
3.838122546672821
3.5600412487983704
3.862931549549103
3.5885923504829407
3.646379232406616
3.5344923734664917
3.4813753366470337
3.545296549797058
3.6410036087036133
3.515174925327301
3.6099437475204468
3.597411870956421
3.5035911202430725
3.5404855012893677
3.540859639644623
3.545858383178711
3.557229697704315
3.480270564556122
3.5739762783050537
3.44405460357666
3.49997878074646
3.6241931915283203
3.54382586479187
3.469618320465088
3.8808740377426147
3.4692413806915283
3.5867441296577454
3.6367105841636658
3.463703155517578
3.5522032976150513
3.6164079904556274
3.4574432969093323
3.701777398586273
3.559250771999359
3.5697094202041626
3.4586362838745117
3.649758458137512
3.5504297614097595
3.6590003967285156
3.6484422087669373
3.455729067325592
3.607768952846527
3.6607003211975098
3.5222455859184265
3.4851801991462708
3.4789602160453796
3.425479233264923
3.5277695655822754
3.5483916997909546
3.5254586935043335
3.484028935432434
3.5000282526016235
3.526241362094879
3.6835192441940308
3.448638916015625
3.4310389161109924
3.4876484870910645
3.5722994208335876
3.4531726241111755
3.4785738587379456
3.4741693139076233
3.5249310731887817
3.504309892654419
3.6076303720474243
3.649908721446991
3.4224857091903687
3.4721230268478394
3.474905848503113
3.4877142906188965
3.518387198448181
3.547161638736725
3.6721558570861816
3.366480231285095
3.5022786259651184
3.5784825682640076
3.433154821395874
3.445611536502838
3.4491443634033203
3.653218626976013
3.61525297164917
3.5212111473083496
3.8926479816436768
3.7093628644943237
3.491689682006836
3.433270573616028
3.3614317774772644
3.4198449850082397
3.768277943134308
3.53513240814209
3.4429969787597656
3.4282167553901672
3.403632342815399
3.528398096561432
3.3736931681632996
3.4630444049835205
3.4242717623710632
3.532910108566284
3.60371732711792
3.525180160999298
3.4003466367721558
3.388628602027893
3.3591660261154175
3.410928785800934
3.399192214012146
3.391700804233551
3.3899434208869934
3.5142051577568054
3.512933850288391
3.3963392972946167
3.491683006286621
3.5195906162261963
3.6134817004203796
3.399926543235779
3.7655548453330994
3.637675404548645
3.396476149559021
3.4478753805160522
3.397379457950592
3.412852644920349
3.347928822040558
3.6593542098999023
3.9147104620933533
3.4720031023025513
3.4696378111839294
3.3786982893943787
3.4386951327323914
3.6576600074768066
3.402772605419159
3.3994463682174683
3.5094690322875977
3.4117974638938904
3.5485541224479675
3.4857590794563293
3.48042094707489
3.37142813205719
3.739897608757019
3.4123698472976685
3.488042950630188
3.553834319114685
3.405201017856598
3.3554195165634155
3.351360559463501
3.4088879823684692
3.4123722314834595
3.4400150775909424
3.444571018218994
3.613942563533783
3.4207279086112976
3.451889216899872
3.4197415113449097
3.405279040336609
3.469348967075348
3.4372488856315613
3.264914035797119
3.3851203322410583
3.320168972015381
3.365855634212494
3.5286335349082947
3.504857361316681
3.7674694061279297
3.3706456422805786
3.320896625518799
3.323965013027191
3.3706610202789307
3.366289436817169
3.336510121822357
3.363328456878662
3.4998722672462463
3.3085931539535522
3.412417411804199
3.3154293298721313
3.386139154434204
3.4122297763824463
3.3003677129745483
3.463356614112854
3.45175302028656
3.5331963300704956
3.3964850902557373
3.3364897966384888
3.3978980779647827
3.352044105529785
3.3152753710746765
3.317426860332489
3.3363950848579407
3.334272086620331
3.4151254296302795
3.425180435180664
3.414942145347595
3.52628892660141
3.2984498739242554
3.367646098136902
3.368868589401245
3.484308362007141
3.4648022651672363
3.3000519275665283
3.4082047939300537
3.3139195442199707
3.348137378692627
3.2994192838668823
3.4461833238601685
3.355372369289398
3.427512288093567
3.354687809944153
3.394221544265747
3.318116068840027
3.424204468727112
3.454734444618225
3.282770574092865
3.3548219203948975
3.5757932662963867
3.269771456718445
3.2785900235176086
3.3213744163513184
3.316526412963867
3.2635074853897095
3.2348707914352417
3.2692179083824158
3.284680426120758
3.3222628235816956
3.386215567588806
3.260219931602478
3.3892969489097595
3.60740864276886
3.3891828060150146
3.4423064589500427
3.3493098616600037
3.3379855155944824
3.2970290184020996
3.3328733444213867
3.325368881225586
3.354261100292206
3.3433969616889954
3.3600006699562073
3.2997686862945557
3.3539607524871826
3.2366827726364136
3.2613359689712524
3.293676257133484
3.2929922342300415
3.2831740379333496
3.524031937122345
3.5522093772888184
3.2298439145088196
3.3270394802093506
3.3196040987968445
3.312051475048065
3.2882041335105896
3.238011956214905
3.250138521194458
3.43635094165802
3.2610596418380737
3.2291170358657837
3.4181660413742065
3.4345006346702576
3.486016631126404
3.3847845792770386
3.19438898563385
3.237249255180359
3.286800980567932
3.306127429008484
3.1931800842285156
3.3059349060058594
3.3012239933013916
3.2900723218917847
3.445615589618683
3.2745586037635803
3.524541139602661
3.297967314720154
3.2397332787513733
3.3709843158721924
3.258208930492401
3.301368832588196
3.331175923347473
3.1799044609069824
3.4595428109169006
3.210003912448883
3.195671796798706
3.35882306098938
3.2326595783233643
3.3509470224380493
3.239652991294861
3.3357985615730286
3.355061113834381
3.1822362542152405
3.2943711280822754
3.2292773723602295
3.4102989435195923
3.190974712371826
3.325792610645294
3.278885245323181
3.2052983045578003
3.412649393081665
3.1960580348968506
3.198791801929474
3.1691519618034363
3.2155460715293884
3.2173601388931274
3.500622034072876
3.47411447763443
3.214274823665619
3.264891505241394
3.319098114967346
3.2482528686523438
3.303458869457245
3.3622056245803833
3.2059661149978638
3.2713980078697205
3.286281704902649
3.174058675765991
3.1657245755195618
3.3476812839508057
3.3457751274108887
3.436122238636017
3.3076372146606445
3.2168697118759155
3.1077719926834106
3.188218891620636
3.62216979265213
3.153089940547943
3.3718159198760986
3.153394937515259
3.2107537984848022
3.1910329461097717
3.1845014691352844
3.2261878848075867
3.1937073469161987
3.4516130685806274
3.239778459072113
3.178742825984955
3.3882558941841125
3.33353728055954
3.1384339928627014
3.22830331325531
3.1179018020629883
3.279283583164215
3.3260600566864014
3.2251299023628235
3.239796280860901
3.1778308749198914
3.511580169200897
3.345468819141388
3.18563711643219
3.203675925731659
3.465559720993042
3.1419758796691895
3.3378915786743164
3.2406195998191833
3.1645780205726624
3.321896970272064
3.150725483894348
3.282100796699524
3.128512382507324
3.2486968636512756
3.145056426525116
3.41103333234787
3.2676950693130493
3.249734938144684
3.1565608978271484
3.289789378643036
3.0654329657554626
3.301419675350189
3.158894896507263
3.2488828897476196
3.2284128665924072
3.30712628364563
3.116060256958008
3.156125843524933
3.143612265586853
3.3635730743408203
3.171156644821167
3.094370722770691
3.1411749720573425
3.3158504962921143
3.085473597049713
3.2375407218933105
3.181174397468567
3.2507163286209106
3.1622138619422913
3.205204129219055
3.15462863445282
3.3084815740585327
3.425725221633911
3.1738803386688232
3.0999932289123535
3.081976294517517
3.167852818965912
3.424246370792389
3.1132923364639282
3.102890193462372
3.088223099708557
3.1688267588615417
3.1980696320533752
3.207775354385376
3.3066632747650146
3.284622550010681
3.3422687649726868
3.1156872510910034
3.149315595626831
3.0752168893814087
3.0861984491348267
3.156321167945862
3.1833693981170654
3.2687734365463257
3.14935564994812
3.099229335784912
3.206206798553467
3.0786104798316956
3.423701047897339
3.052270770072937
3.097219407558441
3.1691884994506836
3.3593896627426147
3.064614474773407
3.1495330333709717
3.1830536127090454
3.1368783116340637
3.039492905139923
3.2054781317710876
3.1499906182289124
3.1148624420166016
3.176685094833374
3.2269290685653687
3.253076195716858
3.260877251625061
3.130286693572998
3.1164596676826477
3.117898941040039
3.3136473894119263
3.111406087875366
3.3749942779541016
3.239531397819519
3.1689188480377197
3.21190083026886
3.1271960735321045
3.0699793100357056
3.0658578872680664
3.185868501663208
3.210110664367676
3.068408489227295
3.2539567947387695
3.090872824192047
3.330989122390747
3.1376742124557495
3.08273845911026
3.169590473175049
3.0528026819229126
3.2523587346076965
3.113850772380829
3.1652968525886536
3.2336190342903137
3.2071224451065063
3.117918848991394
3.360523223876953
3.1405786275863647
3.1911089420318604
3.2819005250930786
3.0844061374664307
3.0896759033203125
3.0753443241119385
3.3031808137893677
3.0871114134788513
3.2333876490592957
3.073759078979492
3.1748958826065063
3.0748120546340942
3.13668692111969
3.1198105812072754
3.1111700534820557
3.1177581548690796
3.095634698867798
3.1248050928115845
3.1912602186203003
3.224226713180542
3.1960322856903076
3.0027215480804443
3.1023481488227844
3.113848865032196
3.1850724816322327
3.06437087059021
2.9836907386779785
3.148833394050598
3.177614688873291
3.1661903858184814
3.0713555216789246
3.071442186832428
3.165039837360382
3.098044455051422
3.0460267066955566
3.099695563316345
3.0643190145492554
3.127747654914856
3.0329349040985107
2.982810318470001
3.1002450585365295
3.043279528617859
3.006343185901642
3.1261669397354126
3.133574962615967
2.9877768754959106
3.1601375937461853
3.3586469292640686
3.0954662561416626
2.9916956424713135
3.021081328392029
3.0558249950408936
3.106702208518982
3.0208717584609985
3.018367648124695
3.149689793586731
3.037197470664978
3.40193635225296
3.0842122435569763
3.1216485500335693
3.0237315893173218
3.183560848236084
3.1765968799591064
3.027184307575226
2.997269034385681
3.1138687133789062
3.1846054792404175
2.985094368457794
3.3469115495681763
3.038543462753296
3.074785590171814
3.0855318307876587
3.017716646194458
3.005750000476837
3.1819595098495483
2.976760447025299
3.0909799337387085
3.08707195520401
3.0024383664131165
2.9900773763656616
3.093626022338867
3.1889148950576782
3.0937821865081787
3.0859557390213013
3.1489368677139282
3.077079176902771
2.991431713104248
3.127718925476074
3.3196288347244263
3.0378453135490417
2.9637030959129333
3.0767582654953003
3.0583320260047913
3.122144043445587
2.967979609966278
2.999038577079773
2.977388918399811
3.0697785019874573
3.4720625281333923
2.957544445991516
3.0679829716682434
3.0909361839294434
3.191986382007599
3.051779866218567
3.1131008863449097
3.089822769165039
3.066808581352234
3.0230008363723755
3.064704477787018
2.9281689524650574
2.9891964197158813
3.0077661275863647
3.17141991853714
3.0268088579177856
2.9674633741378784
2.907264828681946
2.986605405807495
3.0116172432899475
3.65184485912323
3.1151785850524902
2.952540397644043
3.056704878807068
2.9578548669815063
3.2163466811180115
2.8899781703948975
3.057356595993042
3.091608941555023
3.177948236465454
2.870521128177643
2.9479637145996094
2.944759786128998
2.9966688752174377
2.918249011039734
2.986698031425476
2.932387411594391
2.963438868522644
3.0854724049568176
3.22828471660614
3.0801364183425903
3.0255531072616577
2.968953788280487
3.0427794456481934
3.0090153217315674
2.945536732673645
3.247376561164856
3.097435176372528
3.0567947030067444
2.951740264892578
2.9397451281547546
2.9118606448173523
3.0327072143554688
2.9543328881263733
3.0463255643844604
2.9244276881217957
2.8751057386398315
3.1268016695976257
3.4017117619514465
3.0280710458755493
2.904578387737274
3.031615197658539
2.9742684364318848
2.911182940006256
3.2207589149475098
3.1621447801589966
3.0505271553993225
2.923931837081909
2.8898465633392334
3.0810658931732178
2.8964505195617676
3.1222450733184814
2.9556564688682556
3.1674296855926514
2.969529449939728
2.9041760563850403
2.939112067222595
2.8262884616851807
2.8901102542877197
3.028878688812256
2.9428833723068237
3.22158145904541
2.8661678433418274
3.0155572295188904
3.1295594573020935
2.9326802492141724
2.8937805891036987
3.009247660636902
2.9577977657318115
2.9370219111442566
2.9385241270065308
2.975348174571991
3.035762071609497
3.008224308490753
2.872240662574768
2.8806273341178894
3.005768597126007
2.947046458721161
2.981728196144104
2.998422861099243
2.9424445629119873
2.882550895214081
2.8254714608192444
2.892876923084259
2.97691011428833
2.8290576934814453
2.8278324604034424
2.9525997638702393
2.975105941295624
2.988846719264984
2.9432567358016968
2.8973536491394043
2.883488893508911
2.8484615087509155
2.874656617641449
3.019177496433258
3.155138313770294
2.887721598148346
2.9704707860946655
2.99122154712677
2.9374688863754272
2.987765848636627
2.9870890378952026
2.986658811569214
3.0492868423461914
3.0324814319610596
3.323816955089569
2.9561049342155457
2.8973917961120605
2.959303319454193
2.82780385017395
3.1293632984161377
2.9732815623283386
3.107973575592041
2.872193932533264
2.9534242153167725
2.864155888557434
2.832898199558258
2.92135751247406
2.8024944067001343
2.8525838255882263
2.8433499932289124
2.876999855041504
2.854551315307617
3.0649831891059875
2.997035264968872
2.8909183144569397
3.0178537368774414
2.8921802043914795
3.0084221363067627
2.9147191047668457
2.9152305722236633
2.8571029901504517
3.024348258972168
2.9291751384735107
2.920115828514099
2.887687087059021
3.0211681127548218
3.0889201760292053
2.8495143055915833
2.9681284427642822
2.9385709166526794
2.912303149700165
2.916775405406952
2.879940927028656
2.8603800535202026
2.8779672384262085
2.8155860900878906
3.1878902316093445
2.883789360523224
2.9521897435188293
2.964699149131775
3.239404797554016
2.8857566118240356
2.902758777141571
2.8262559175491333
2.9241838455200195
3.066524028778076
2.901173174381256
2.988493859767914
2.906480312347412
2.848516047000885
2.9041542410850525
3.026051938533783
2.8654608130455017
2.9005815982818604
2.8770423531532288
2.9358044862747192
2.9919221997261047
2.8534722924232483
2.8919284343719482
2.914941430091858
2.9378246665000916
2.8022009134292603
2.9900192618370056
3.2536264061927795
2.883775770664215
2.770451545715332
2.884488105773926
2.8792240023612976
3.0360931158065796
2.8592962622642517
2.9328436851501465
2.9045486450195312
2.8997198343276978
2.9673832654953003
2.9318649768829346
2.845109760761261
2.8355661034584045
2.8634620904922485
2.8729355931282043
2.9945955872535706
2.875943183898926
2.8453473448753357
2.7456032037734985
2.9741342067718506
2.8029717206954956
2.8486652970314026
2.8975915908813477
2.8988342881202698
2.7309411764144897
2.8355615735054016
2.7972686886787415
2.9970738887786865
2.807079255580902
2.809441924095154
2.9339832067489624
2.843608796596527
2.9650402069091797
2.8715675473213196
2.8572274446487427
2.814543068408966
2.8027753829956055
2.843251645565033
3.040382981300354
3.114528179168701
2.789721190929413
2.804497003555298
2.8020357489585876
2.773309886455536
2.926692843437195
3.1393221020698547
3.0004849433898926
2.8964593410491943
3.0062636137008667
2.7495750188827515
3.2799164056777954
2.8022032380104065
2.8262627720832825
2.8890875577926636
2.9817289113998413
2.9000766277313232
2.85387259721756
2.871508836746216
2.895638167858124
2.9381112456321716
2.8163074254989624
3.0500676035881042
3.2192373275756836
2.873688519001007
2.817598581314087
2.866849422454834
2.8508349657058716
2.938093900680542
2.8852904438972473
2.76113224029541
2.988903760910034
3.2302385568618774
2.8571932315826416
2.980924129486084
2.9199178218841553
2.9024625420570374
2.7540090084075928
2.8561453223228455
2.7981061339378357
2.776211977005005
2.781782388687134
2.789677083492279
2.865119159221649
2.8204898834228516
2.718544125556946
2.8178173899650574
2.77378386259079
2.8730942010879517
3.0539015531539917
2.9232500791549683
2.7550399899482727
2.8678650856018066
2.8859137296676636
2.8913939595222473
2.7634851932525635
2.77917617559433
2.7763015031814575
2.819228768348694
2.813817620277405
2.7705754041671753
2.8465606570243835
2.915870189666748
2.9884473085403442
2.8805068135261536
2.7909233570098877
2.88071608543396
2.8206121921539307
2.806429386138916
2.705114185810089
2.8281344175338745
2.914945363998413
2.9022721648216248
2.7958655953407288
2.8220494985580444
2.8680348992347717
2.9765284061431885
2.8712414503097534
2.825647711753845
2.6931121349334717
2.788057029247284
2.89628267288208
2.7860153913497925
3.276896119117737
2.9254586696624756
2.798103988170624
2.765715539455414
2.830396890640259
2.779034674167633
2.754151463508606
2.7775171995162964
2.830757439136505
2.8058422207832336
2.7144505381584167
2.7505249977111816
2.740463137626648
2.959949493408203
2.822294771671295
2.90507972240448
2.8412534594535828
2.885749101638794
2.888204514980316
2.86852490901947
2.7294405698776245
3.1072012186050415
2.8096079230308533
2.670505940914154
2.6893110275268555
2.7370591163635254
2.8288015127182007
2.78311550617218
2.9945807456970215
2.7843995690345764
2.886237621307373
2.9195462465286255
2.7737659215927124
2.8804096579551697
2.9900777339935303
2.725722908973694
2.8427627086639404
2.8645694851875305
2.65192449092865
2.6712589263916016
2.754810631275177
2.98224675655365
2.749843716621399
2.719259738922119
2.7600462436676025
2.717847466468811
2.8564159870147705
2.868865132331848
2.78738534450531
2.8022934198379517
2.6841520071029663
2.859918475151062
2.7371134161949158
2.627134680747986
2.787538170814514
3.174076497554779
2.767493963241577
2.903215169906616
2.9323742985725403
2.7343955039978027
2.8760201930999756
2.731313705444336
2.722635567188263
2.8246249556541443
2.70065975189209
2.7266671657562256
2.7041268944740295
2.7635579705238342
2.786380350589752
2.7932320833206177
3.094758987426758
2.6809626817703247
2.6448129415512085
2.7166027426719666
2.7812125086784363
2.6192034482955933
2.7535482048988342
2.8145055770874023
2.709230601787567
2.8630345463752747
2.730092167854309
2.803513526916504
2.794209837913513
2.842703640460968
2.7270442247390747
2.724990665912628
2.744686543941498
2.7292045950889587
2.8646117448806763
2.8747329711914062
2.671591579914093
2.868183672428131
2.7365057468414307
2.744910478591919
2.95966774225235
2.733876347541809
2.680006504058838
2.886682152748108
2.860944986343384
3.0554038286209106
2.7727036476135254
2.7909931540489197
2.7874234914779663
3.065988779067993
2.7227230072021484
2.6792529225349426
2.762938976287842
2.7880176305770874
2.722391366958618
2.6721553802490234
2.7277547121047974
2.7585896849632263
2.7997750639915466
2.6526806950569153
2.8782935738563538
2.7327813506126404
2.6591524481773376
2.7293587923049927
2.7599257230758667
2.745008707046509
2.6860894560813904
2.6549832820892334
2.718774914741516
2.913496732711792
2.8244969844818115
2.5884366631507874
2.7252604365348816
2.6621703505516052
2.78518944978714
2.6848117113113403
2.784191846847534
2.7331653237342834
2.721124827861786
2.710612416267395
2.7244991064071655
2.7439586520195007
2.7800825238227844
2.6455368399620056
2.6448780298233032
2.6943187713623047
2.817047357559204
2.7620739340782166
2.6727238297462463
2.670586049556732
2.7189438343048096
2.835035741329193
2.87160325050354
2.7325336933135986
2.854902982711792
2.6803224682807922
2.708670973777771
2.7118144631385803
2.9083734154701233
2.914523959159851
2.737337350845337
2.793856620788574
2.613394021987915
2.6904186010360718
2.617785930633545
2.6935026049613953
2.884690761566162
2.697827160358429
2.6454319953918457
2.683155357837677
2.640465021133423
2.76140433549881
2.8126786947250366
2.772514224052429
2.9437219500541687
2.658675730228424
2.779974043369293
2.6495529413223267
2.745989501476288
2.75417822599411
2.696071684360504
2.629954755306244
2.683462083339691
2.8861194252967834
2.6769646406173706
2.7598288655281067
2.6592912077903748
2.603045701980591
2.728058874607086
2.6176836490631104
2.7043318152427673
2.770575225353241
2.652686595916748
2.647861897945404
2.6135746240615845
2.746131956577301
2.69755882024765
2.6973522901535034
2.6428430676460266
2.714717149734497
2.6433481574058533
2.66341096162796
2.752525508403778
2.639867126941681
2.605894923210144
2.6996201276779175
2.7913498282432556
2.6459608674049377
2.61018443107605
2.811535060405731
2.6954684257507324
2.7836621403694153
2.798708915710449
2.707531154155731
2.536210775375366
2.641808032989502
2.5495431423187256
2.9652435779571533
2.649977922439575
2.7113324999809265
3.103912591934204
2.8284342288970947
2.6520867347717285
2.9320486783981323
2.7047451734542847
2.6492305994033813
2.7371256351470947
2.5921568274497986
2.703021228313446
2.655340790748596
2.650720238685608
2.910972237586975
2.7111343145370483
2.7334283590316772
2.8564751148223877
2.797670364379883
2.757189989089966
2.5496177077293396
2.6989970207214355
2.8652772903442383
2.7520148158073425
2.592786490917206
2.5514866709709167
2.8710991740226746
2.6069189310073853
2.6145880818367004
2.636991798877716
2.5513139367103577
2.659514367580414
2.739259958267212
2.6800162196159363
2.685564935207367
2.665980815887451
2.6566452383995056
2.6638641357421875
2.682499647140503
2.7123833298683167
3.008333921432495
2.5782904028892517
2.659070372581482
2.624023139476776
2.671742558479309
2.6429523229599
2.6638901233673096
2.561499059200287
2.7449475526809692
2.588700830936432
2.86432421207428
2.741319715976715
2.780614495277405
2.662225902080536
2.6688464283943176
2.7580628991127014
2.507157266139984
2.6542142033576965
2.682239294052124
2.9278030395507812
2.5469254851341248
2.714549720287323
2.6453747749328613
2.578102767467499
2.665176272392273
2.7417129278182983
2.6054047346115112
2.6546722650527954
2.815985858440399
2.6716625094413757
2.6466031074523926
2.6542925238609314
2.5196444988250732
2.688255488872528
2.7215415239334106
2.731316030025482
2.606899619102478
2.6128416657447815
2.690479040145874
2.644223928451538
2.7050673961639404
2.622459292411804
2.9691447019577026
2.6116700768470764
2.6306930780410767
2.6265894770622253
2.567585825920105
2.6434803009033203
2.599163293838501
2.5500599145889282
2.6921470165252686
2.693885028362274
2.545157551765442
2.844018578529358
2.688944160938263
2.6000314354896545
2.5240949988365173
2.687423884868622
2.7322474122047424
2.6220202445983887
2.49853253364563
2.559445321559906
2.617616355419159
2.724634289741516
2.7096123099327087
2.697684645652771
2.6589329838752747
2.558235824108124
2.598159670829773
2.5622196197509766
2.9380587935447693
2.644554853439331
2.6731755137443542
2.733727812767029
2.6348690390586853
2.5166351199150085
2.727275252342224
2.563227951526642
2.7033742666244507
2.6297008991241455
2.623118281364441
2.6165791749954224
2.554660677909851
2.9081361293792725
2.4640859365463257
2.5379379391670227
2.5374985933303833
2.51483291387558
2.7631707191467285
2.6027172803878784
2.585022985935211
2.5774669647216797
2.6881332993507385
2.6322194933891296
2.615974545478821
2.6497669219970703
2.5833701491355896
2.6604254245758057
2.5348892211914062
2.5950458645820618
2.621001958847046
2.6883991956710815
2.661356568336487
2.6092947721481323
2.5349076986312866
2.546277105808258
2.546004831790924
2.5464118123054504
2.7223023176193237
2.475548028945923
2.5672855377197266
2.6083644032478333
2.867563784122467
2.5567328333854675
2.648646593093872
2.606814682483673
2.6328654885292053
2.5529829263687134
2.775339126586914
2.698841094970703
2.6745521426200867
2.6425339579582214
2.688370943069458
2.4759849309921265
2.8744916915893555
2.6579041481018066
2.7621952891349792
2.495883882045746
2.478254556655884
2.4832525849342346
2.6447731256484985
2.532435894012451
2.665979564189911
2.597534656524658
2.481703758239746
2.550290882587433
2.631384015083313
2.5191550254821777
2.5404698848724365
2.672656238079071
2.564036190509796
2.6448580622673035
2.513148844242096
2.613540470600128
2.6017794609069824
2.488832414150238
2.54260915517807
2.7380968928337097
2.4891363382339478
2.6956217288970947
2.795456290245056
2.500343382358551
2.4923864603042603
3.104499638080597
2.595737338066101
2.5815608501434326
2.645799994468689
2.5341572165489197
2.710525333881378
2.5834113359451294
2.561919629573822
2.6730639338493347
2.626053512096405
2.6563403606414795
2.5678616166114807
2.494983434677124
2.583484172821045
2.4770535826683044
2.4463799595832825
2.5394346714019775
2.479335844516754
2.5323832035064697
2.7646243572235107
2.484076976776123
2.603888213634491
2.4699208736419678
2.7468685507774353
2.5350664854049683
2.693630635738373
2.5017789602279663
2.5576339960098267
2.60543429851532
2.512928605079651
2.6799055337905884
2.5654561519622803
2.5615158081054688
2.4952335953712463
2.645851790904999
2.5029711723327637
2.46830153465271
2.510103225708008
2.602165639400482
2.4451253414154053
2.7200011014938354
2.5717414021492004
2.6160678267478943
2.6001877784729004
2.5870742201805115
2.7737868428230286
2.5039719939231873
2.6233654618263245
2.521741569042206
2.549231767654419
2.6829620003700256
2.4398618936538696
2.734188139438629
2.574223220348358
2.5451865196228027
2.574088394641876
2.5908698439598083
2.471956968307495
2.4826128482818604
2.7509912848472595
2.454041838645935
2.5142961144447327
2.5821785926818848
2.606614828109741
2.4667670130729675
2.5165128111839294
2.5790050625801086
2.698193371295929
2.713549852371216
2.5260740518569946
2.5010039806365967
2.5672088265419006
2.7388529777526855
2.5638790130615234
2.4132991433143616
2.5667402744293213
2.631692111492157
2.532824218273163
2.4408276081085205
2.5052308440208435
2.484565019607544
2.550823748111725
2.5197330117225647
2.5743390321731567
2.457852602005005
2.4817298650741577
2.4513063430786133
2.4622472524642944
2.4602789878845215
2.4788665175437927
2.513555586338043
2.628989517688751
2.625610828399658
2.556634783744812
2.6029500365257263
2.4064080715179443
2.4789464473724365
2.530692756175995
2.518117904663086
2.667475938796997
2.452060043811798
2.5727513432502747
2.6335697770118713
2.538821816444397
2.517823040485382
2.6925309896469116
2.5498974323272705
2.456705331802368
2.504141092300415
2.494068443775177
2.6233704686164856
2.4669392108917236
2.5409674644470215
2.427686631679535
2.5238556265830994
2.60483181476593
2.5927908420562744
2.560470402240753
2.547411799430847
2.5019553303718567
2.54471218585968
2.425847291946411
2.5162569284439087
2.625790596008301
2.5172886848449707
2.4707987904548645
2.5902567505836487
2.520880103111267
2.3624086380004883
2.671917974948883
2.5445500016212463
2.4797619581222534
2.5244919657707214
2.643402576446533
2.5314971208572388
2.475196361541748
2.5847065448760986
2.4441429376602173
2.617406129837036
2.73457670211792
2.6766337752342224
2.644539713859558
2.586361289024353
2.5433247089385986
2.5121277570724487
2.613817512989044
2.5918920040130615
2.553455352783203
2.5274060368537903
2.5487752556800842
2.5527374148368835
2.637662947177887
2.556835949420929
2.521288812160492
2.5906285643577576
2.6210917830467224
2.658768594264984
2.587841272354126
2.5744693875312805
2.521192252635956
2.450360596179962
2.58014178276062
2.5407488346099854
2.523799240589142
2.5028563141822815
2.5029672384262085
2.452963948249817
2.6127782464027405
2.4808942675590515
2.475119888782501
2.626534879207611
2.7423548698425293
2.4677483439445496
2.4319987893104553
2.4756981134414673
2.4477121829986572
2.4147674441337585
2.459426999092102
2.591900944709778
2.509058952331543
2.5552765130996704
2.462453305721283
2.4676241874694824
2.4059141874313354
2.4773850440979004
2.33541601896286
2.620154857635498
2.389748692512512
2.3705395460128784
2.401798129081726
2.4156044125556946
2.4269911646842957
2.488495171070099
2.7259901762008667
2.6725589632987976
2.4062955379486084
2.4707348346710205
2.4154181480407715
2.5215481519699097
2.44015109539032
2.4512019753456116
2.4983312487602234
2.612323224544525
2.495551288127899
2.4428322315216064
2.4778095483779907
2.4622803926467896
2.5600304007530212
2.4727091193199158
2.4194528460502625
2.3848671913146973
2.481905519962311
2.4744858145713806
2.3773624300956726
2.295717716217041
2.63042151927948
2.4121378660202026
2.536133348941803
2.454210102558136
2.6305034160614014
